11111111111111111111111111111
12222222222222222222222222221
12222222222222222222222222221
12222222222222222222222222221
12222222222222222222222222221
12222222222222322222222222221
12222222222223322222222222221
12222222222222222222222222221
12222222222222222222222222221
12222222222222222222222222221
12222222222222222222222222221
12222222222222223332222222221
12222222222222222222222222221
12222233222222222222222222221
12222332222222222222222222221
12222222222222222222222222221
12222222222222222222222222221
12222222222222222222222222221
12222222222222222223322222221
12222222222222222222222222221
12222222222222222222222222221
12222222222222222222222222221
12222222222222222222222222221
12222222222222222222223222221
12222222222222222222222222221
12222222322222222222222222221
12222222322222222222222222221
12222222222222222222442222221
11111111111111111111111111111